10000
10000
10000
28
fail
10000
10000
10000
10000
10000
35
38
10000
10000
10000
10000
10000
fail
10000
10000
10000
43
10000
10000
10000
10000
10000
10000
10000
10000
10000
10000
33
10000
46
10000
29
10000
10000
51
10000
10000
43
10000
10000
34
10000
10000
10000
10000
10000
10000
10000
10000
10000
51
10000
28
10000
10000
10000
10000
10000
10000
10000
10000
10000
10000
29
10000
10000
10000
10000
10000
10000
10000
10000
28
10000
10000
10000
10000
42
10000
10000
10000
10000
10000
10000
10000
10000
10000
10000
10000
10000
10000
10000
10000
10000
10000
10000
16
10000
10000
10000
10000
10000
10000
10000
10000
10000
10000
10000
10000
10000
10000
10000
10000
10000
39
10000
10000
46
10000
10000
10000
10000
10000
10000
10000
10000
10000
10000
10000
10000
10000
10000
17
10000
10000
10000
10000
10000
fail
10000
10000
10000
10000
10000
51
10000
37
10000
10000
10000
10000
10000
fail
10000
10000
44
10000
10000
10000
40
10000
10000
49
10000
10000
10000
10000
10000
10000
10000
10000
10000
10000
34
26
10000
10000
37
10000
10000
10000
10000
10000
10000
33
10000
10000
10000
40
10000
10000
10000
10000
10000
10000
10000
10000
10000
33
10000
10000
10000
20
40
10000
10000
10000
10000
10000
10000
10000
10000
26
10000
33
10000
10000
10000
10000
10000
10000
51
43
10000
10000
11
10000
10000
10000
10000
10000
10000
36
10000
35
10000
10000
10000
10000
10000
10000
10000
29
10000
10000
10000
10000
10000
10000
10000
45
10000
10000
10000
10000
10000
10000
10000
10000
10000
10000
10000
10000
10000
28
10000
10000
10000
10000
10000
10000
10000
10000
10000
36
10000
10000
33
10000
10000
52
10000
10000
10000
10000
10000
10000
10000
10000
31
10000
10000
10000
10000
10000
10000
10000
37
10000
23
10000
42
10000
10000
10000
56
44
10000
10000
10000
10000
28
10000
21
10000
10000
10000
10000
10000
10000
10000
10000
10000
10000
38
30
10000
10000
42
10000
10000
10000
10000
10000
10000
10000
10000
10000
44
24
10000
10000
10000
10000
10000
10000
10000
10000
10000
10000
10000
37
10000
10000
32
10000
10000
10000
10000
10000
10000
10000
10000
10000
10000
10000
10000
54
36
10000
10000
10000
10000
33
10000
10000
10000
39
10000
10000
10000
35
10000
10000
10000
10000
10000
10000
10000
10000
10000
10000
10000
10000
10000
10000
10000
10000
46
10000
34
10000
10000
10000
10000
10000
10000
10000
10000
10000
10000
10000
10000
10000
10000
10000
10000
10000
10000
10000
10000
10000
10000
10000
10000
10000
10000
10000
10000
10000
43
10000
10000
10000
10000
10000
10000
10000
10000
31
10000
53
10000
10000
10000
39
10000
35
10000
10000
10000
10000
10000
38
10000
49
10000
43
10000
10000
34
10000
10000
10000
10000
10000
10000
10000
10000
10000
10000
10000
29
10000
10000
10000
26
10000
29
10000
10000
10000
10000
10000
10000
10000
10000
10000
32
10000
10000
10000
10000
10000
10000
10000
35
10000
10000
10000
39
10000
10000
10000
38
10000
10000
10000
10000
57
10000
42
10000
10000
37
10000
10000
10000
10000
10000
29
10000
10000
33
10000
10000
37
10000
10000
10000
10000
10000
10000
10000
10000
10000
10000
10000
30
10000
10000
10000
10000
10000
10000
50
10000
10000
10000
45
10000
10000
10000
10000
10000
10000
19
10000
10000
10000
25
10000
10000
10000
10000
10000
10000
10000
10000
10000
10000
41
49
10000
46
10000
10000
10000
10000
10000
fail
10000
10000
10000
10000
10000
25
10000
10000
10000
10000
10000
46
10000
47
29
10000
10000
10000
10000
10000
10000
10000
