63
63
67
82
53
45
80
83
41
38
60
66
68
73
72
71
67
100
88
64
39
85
73
59
59
81
70
90
69
87
84
60
66
103
81
64
51
74
88
57
69
62
54
63
74
62
67
66
70
76
85
71
56
70
59
89
66
68
68
83
67
81
84
56
58
69
67
64
68
62
70
94
65
70
61
66
56
73
82
72
96
94
75
70
77
42
70
81
80
64
104
61
68
58
65
56
64
55
70
66
70
75
93
94
63
66
97
58
52
82
51
92
61
79
93
56
92
72
80
92
64
84
70
40
98
98
76
55
62
95
66
46
65
66
87
85
69
70
70
73
69
66
62
66
79
84
61
87
75
61
59
77
49
48
54
75
83
102
62
58
71
59
62
63
60
74
78
73
44
68
71
83
90
79
75
83
64
67
65
73
60
76
80
77
78
53
64
68
60
69
68
71
78
76
77
71
87
50
84
82
70
58
76
95
65
52
79
38
65
64
58
70
68
76
63
63
65
57
55
81
77
81
61
64
76
87
75
74
50
72
69
88
63
67
79
89
92
63
65
71
49
68
87
72
45
56
91
78
72
68
60
71
77
54
85
81
74
79
81
63
66
94
85
54
53
53
80
62
62
70
57
82
76
53
64
69
70
88
93
67
73
60
58
69
65
83
82
62
97
42
80
67
71
65
74
72
55
60
53
53
67
60
74
92
57
54
44
65
53
58
70
109
79
76
61
90
66
80
84
72
85
77
76
75
57
53
87
74
75
65
80
65
66
70
69
82
74
79
66
81
82
41
75
67
94
65
50
64
64
59
28
66
61
66
87
61
63
92
87
90
97
58
67
81
72
52
66
50
81
48
61
87
92
52
88
80
49
64
63
58
71
78
75
80
60
71
68
64
93
90
78
61
68
51
73
63
63
79
82
95
66
38
83
69
78
71
62
69
47
56
76
42
52
84
56
56
79
68
58
97
66
53
47
81
84
84
79
80
73
67
71
63
49
49
85
83
78
62
49
65
60
56
41
96
61
87
83
73
86
90
58
40
43
87
91
71
56
66
66
87
79
75
70
70
51
67
62
77
86
80
77
63
48
78
74
71
53
68
101
66
105
90
85
94
72
70
64
99
61
62
59
70
83
86
62
71
64
63
58
45
48
81
73
78
79
70
50
55
80
51
71
61
90
67
