74
85
82
104
77
61
98
89
68
64
87
77
81
97
86
91
76
102
91
78
63
89
81
77
76
85
84
108
85
102
94
80
89
97
103
76
83
96
93
74
85
62
62
81
78
62
71
73
62
83
94
74
79
84
85
108
86
80
80
92
88
87
91
75
75
75
81
80
79
84
84
108
78
78
89
90
80
86
97
75
87
96
78
85
84
60
75
104
92
84
104
79
74
61
71
66
80
80
75
82
82
95
105
96
79
87
109
76
71
97
74
105
86
91
96
83
107
95
91
105
82
97
75
65
112
102
86
86
69
109
89
68
81
92
82
84
86
72
89
86
79
79
73
84
93
95
84
91
97
73
86
91
66
73
69
78
99
114
83
87
86
78
73
75
85
79
88
83
71
94
87
87
109
71
92
95
78
76
85
90
70
90
87
90
88
72
78
80
84
94
74
76
84
86
86
86
102
65
91
88
85
67
81
91
83
78
76
58
83
73
67
77
80
75
80
93
86
63
81
87
92
89
81
86
93
97
82
86
65
90
76
92
90
85
86
101
113
84
76
83
72
86
86
79
64
73
93
81
79
83
84
96
88
77
107
100
98
98
88
82
72
103
90
68
69
77
82
79
86
83
82
99
96
71
76
78
80
98
107
91
94
79
80
79
94
101
95
74
101
63
85
79
86
86
87
89
76
79
64
79
92
85
76
92
80
78
65
84
83
70
88
120
87
89
75
105
87
105
90
93
80
75
95
89
79
62
100
98
79
84
92
84
82
78
90
89
95
81
79
90
90
56
84
72
109
85
73
89
80
76
55
84
72
87
94
83
81
104
90
101
104
84
75
90
91
66
78
80
95
74
75
100
99
71
97
76
77
90
86
63
69
84
102
91
68
85
83
73
99
90
96
80
82
74
85
74
84
85
95
106
76
46
88
75
93
79
82
80
69
73
90
50
66
96
72
73
86
92
84
111
84
81
64
92
92
92
92
92
89
76
86
78
70
70
94
101
101
89
75
88
70
87
66
98
66
105
86
91
98
98
64
72
72
94
100
64
69
82
86
86
98
90
88
88
79
77
76
88
101
97
82
80
74
92
88
86
79
85
114
80
118
80
99
93
94
82
80
93
83
73
83
82
101
94
76
84
84
73
78
65
79
91
93
88
95
96
80
53
83
78
78
86
105
80
