39
46
39
39
42
55
45
49
35
37
45
50
62
46
43
52
39
46
35
41
48
49
33
47
52
38
40
41
40
44
46
45
44
41
52
43
42
51
50
48
42
55
45
43
47
42
55
52
33
43
43
40
35
56
43
56
22
38
44
37
32
45
50
43
28
47
44
46
37
39
42
46
55
42
35
41
43
41
53
50
43
48
43
44
48
34
38
36
47
42
62
31
39
46
55
42
40
44
31
45
44
27
44
32
30
28
30
34
42
57
37
31
45
49
50
42
40
44
29
44
44
41
47
34
57
27
31
21
49
39
42
43
41
37
39
40
57
20
44
34
55
47
57
33
54
28
47
54
17
46
52
40
47
51
43
35
47
36
39
58
51
36
54
39
43
27
56
53
51
47
38
47
45
47
32
48
48
44
39
40
43
47
40
39
44
23
41
41
46
43
41
50
48
51
50
41
54
47
61
53
39
43
46
41
46
39
38
37
42
42
36
37
55
50
44
57
46
34
49
41
41
35
45
43
51
28
55
48
46
54
17
43
45
50
45
34
49
25
37
37
44
41
45
36
40
49
46
45
36
31
46
42
42
39
44
63
48
24
32
22
35
39
44
46
40
44
50
46
49
46
36
52
54
50
41
47
55
41
40
48
38
52
42
38
42
46
57
38
32
28
64
48
47
42
47
42
43
44
30
45
42
47
31
45
37
25
34
49
47
56
33
57
49
39
41
44
41
41
48
29
47
55
37
54
43
46
36
41
40
46
47
36
52
36
44
42
42
41
43
59
49
44
43
41
50
32
41
52
44
50
44
53
43
45
46
48
35
45
50
52
41
42
45
41
45
27
38
37
30
50
49
30
44
53
45
38
63
37
44
42
49
41
36
48
51
45
40
49
36
38
40
24
35
37
37
53
42
39
41
40
30
41
53
59
46
41
41
57
40
32
37
31
53
41
31
38
49
38
44
44
41
44
39
47
41
24
40
67
47
43
32
45
49
63
39
43
52
33
40
37
37
55
37
47
33
35
34
52
46
44
54
47
44
46
55
37
43
41
44
45
50
49
57
40
42
44
41
34
47
45
30
53
47
48
38
47
39
35
41
44
29
46
35
40
43
43
48
43
43
31
42
31
46
21
30
49
42
55
42
38
43
52
43
61
22
45
47
47
52
58
41
38
41
19
38
55
46
50
39
51
44
47
36
62
35
52
42
55
24
47
50
40
46
43
44
46
44
49
41
43
45
44
33
46
36
43
43
53
41
38
29
51
26
26
47
48
43
30
51
44
39
56
32
35
41
39
33
42
55
46
38
40
39
52
39
47
56
48
53
50
40
38
41
37
44
49
46
40
56
57
38
25
29
37
40
41
47
54
52
51
46
34
51
55
55
49
55
35
27
