1
1
100
100
103
103
1063
1063
1105
1105
1125
1125
1139
1139
1147
1147
1153
1153
1167
1167
1194
1194
1212
1212
1214
1214
1236
1236
1253
1253
1282
1282
1286
1286
1292
1292
1318
1318
1340
1340
1342
1342
1365
1365
1367
1367
1368
1368
1384
1384
1395
1395
1400
1400
1428
1428
1433
1433
144
144
1455
1455
1461
1461
1464
1464
1480
1480
1541
1541
1555
1555
1579
1579
158
158
1584
1584
160
160
1607
1607
1623
1623
163
163
1650
1650
1665
1665
168
168
1688
1688
1692
1692
1706
1706
1714
1714
172
172
1728
1728
173
173
1730
1730
1741
1741
1802
1802
1817
1817
1821
1821
1821
1821
1826
1826
184
184
1842
1842
1850
1850
1858
1858
1905
1905
1919
1919
1926
1926
1939
1939
1965
1965
1977
1977
1985
1985
1987
1987
2
2
2050
2050
2057
2057
2084
2084
2087
2087
2104
2104
2114
2114
2125
2125
2128
2128
2134
2134
217
217
2170
2170
2190
2190
2191
2191
2206
2206
2212
2212
2251
2251
2253
2253
2285
2285
2289
2289
2290
2290
2291
2291
2340
2340
2368
2368
2426
2426
243
243
2434
2434
2438
2438
2439
2439
2446
2446
2451
2451
2496
2496
2518
2518
2530
2530
2546
2546
2565
2565
2589
2589
2594
2594
2601
2601
2665
2665
267
267
2680
2680
2683
2683
2685
2685
2698
2698
2700
2700
2703
2703
2704
2704
2707
2707
2724
2724
2731
2731
2797
2797
2817
2817
2829
2829
2837
2837
2862
2862
2870
2870
2885
2885
2894
2894
2899
2899
2918
2918
2935
2935
2956
2956
2970
2970
2984
2984
3049
3049
306
306
3085
3085
3089
3089
3096
3096
3134
3134
3148
3148
3177
3177
3190
3190
3198
3198
3222
3222
3231
3231
3248
3248
3279
3279
329
329
3292
3292
331
331
3326
3326
3331
3331
3376
3376
3385
3385
3404
3404
3430
3430
3432
3432
3438
3438
3440
3440
3442
3442
3465
3465
3494
3494
3536
3536
3550
3550
3565
3565
3597
3597
3612
3612
3624
3624
3629
3629
3643
3643
3690
3690
371
371
3713
3713
379
379
3802
3802
3820
3820
3833
3833
3848
3848
3878
3878
3882
3882
3900
3900
3908
3908
3939
3939
3940
3940
3986
3986
3987
3987
4012
4012
4074
4074
4128
4128
4144
4144
4146
4146
4190
4190
4206
4206
4223
4223
4266
4266
4310
4310
4327
4327
4333
4333
4350
4350
4354
4354
4375
4375
4388
4388
4409
4409
4410
4410
4419
4419
4425
4425
4434
4434
4441
4441
4470
4470
45
45
4500
4500
4542
4542
4551
4551
4572
4572
4584
4584
4585
4585
4617
4617
4639
4639
466
466
4702
4702
471
471
4711
4711
4740
4740
4787
4787
4792
4792
483
483
4837
4837
4838
4838
4840
4840
485
485
4881
4881
4906
4906
4923
4923
4998
4998
5066
5066
5082
5082
5129
5129
5133
5133
5163
5163
5178
5178
5190
5190
521
521
5210
5210
5212
5212
524
524
5256
5256
5261
5261
5273
5273
5276
5276
5285
5285
5294
5294
5343
5343
5376
5376
5389
5389
5399
5399
540
540
543
543
5437
5437
5509
5509
5515
5515
5524
5524
5552
5552
5580
5580
5592
5592
5610
5610
5629
5629
563
563
5631
5631
5670
5670
5676
5676
5680
5680
5715
5715
5738
5738
5761
5761
5806
5806
5811
5811
5822
5822
5883
5883
5892
5892
5931
5931
5961
5961
5993
5993
6017
6017
6047
6047
6070
6070
609
609
6105
6105
6130
6130
6139
6139
6163
6163
6170
6170
6179
6179
6193
6193
6202
6202
6228
6228
6232
6232
6238
6238
6285
6285
6328
6328
6347
6347
6349
6349
6356
6356
6359
6359
6398
6398
6442
6442
6452
6452
6469
6469
6496
6496
6509
6509
6518
6518
6527
6527
6531
6531
6546
6546
6555
6555
6556
6556
6562
6562
6587
6587
6601
6601
6608
6608
6613
6613
6620
6620
6648
6648
6659
6659
6668
6668
6689
6689
6722
6722
6725
6725
6732
6732
6750
6750
6789
6789
68
68
6833
6833
6871
6871
6882
6882
6890
6890
6902
6902
6931
6931
6935
6935
6963
6963
6988
6988
7016
7016
7031
7031
7057
7057
7064
7064
7068
7068
7081
7081
7108
7108
7114
7114
7119
7119
7154
7154
7175
7175
7184
7184
7196
7196
7214
7214
7220
7220
7232
7232
7246
7246
7268
7268
7269
7269
7327
7327
7336
7336
7340
7340
742
742
7423
7423
744
744
7495
7495
7522
7522
757
757
7596
7596
7612
7612
7652
7652
7678
7678
7682
7682
7691
7691
7702
7702
7723
7723
773
773
7741
7741
7755
7755
7792
7792
7807
7807
7812
7812
7815
7815
782
782
7835
7835
7902
7902
7922
7922
7923
7923
7924
7924
7958
7958
7965
7965
7966
7966
8037
8037
8039
8039
8073
8073
8083
8083
8091
8091
8118
8118
8149
8149
8152
8152
8165
8165
817
817
8184
8184
8188
8188
8221
8221
8234
8234
8256
8256
826
826
8261
8261
8268
8268
8291
8291
8297
8297
8304
8304
8324
8324
8360
8360
8369
8369
8373
8373
8380
8380
8383
8383
8389
8389
8391
8391
8391
8391
8407
8407
8409
8409
8453
8453
85
85
8502
8502
8506
8506
8531
8531
8531
8531
8555
8555
857
857
8581
8581
8596
8596
8611
8611
8627
8627
8653
8653
8657
8657
869
869
8697
8697
8698
8698
8709
8709
8742
8742
8754
8754
8755
8755
8778
8778
8780
8780
8799
8799
882
882
8844
8844
8872
8872
8921
8921
8937
8937
9017
9017
903
903
9049
9049
9052
9052
9067
9067
9133
9133
9133
9133
9134
9134
9136
9136
9142
9142
9199
9199
9205
9205
9244
9244
9254
9254
9260
9260
9300
9300
931
931
9327
9327
934
934
9361
9361
9377
9377
9381
9381
9387
9387
9406
9406
9419
9419
9432
9432
9472
9472
9475
9475
9488
9488
9496
9496
9503
9503
953
953
9564
9564
9592
9592
9596
9596
9612
9612
964
964
966
966
9663
9663
9669
9669
9699
9699
9703
9703
9712
9712
9731
9731
9760
9760
9817
9817
9844
9844
9871
9871
9888
9888
9901
9901
9907
9907
9912
9912
9919
9919
994
994
9959
9959
9991
9991
9997
9997
